8 1048576 4 4 4 17
12 1048576 4 4 4 17
16 1048576 5 5 5 17
24 1048576 5 5 5 17
32 1048576 6 6 6 29
53 1048576 12 20 6 31
64 1048576 19 20 7 31
96 1048576 18 18 6 32
128 1048576 18 18 12 32
158 1048576 12 14 12 32
188 1048576 12 12 12 32
256 1048576 18 18 12 56
8 3145728 8 10 12 21
12 3145728 8 10 12 19
16 3145728 8 12 12 22
24 3145728 8 12 12 26
32 3145728 17 18 28 32
53 3145728 12 18 6 32
64 3145728 18 18 30 32
96 3145728 20 21 28 72
128 3145728 21 21 17 72
158 3145728 12 18 17 91
188 3145728 16 16 17 96
256 3145728 18 18 17 124
8 5242880 12 12 20 17
12 5242880 12 12 20 31
16 5242880 12 14 20 22
24 5242880 12 14 20 26
32 5242880 18 18 26 30
53 5242880 14 18 31 72
64 5242880 18 18 32 86
96 5242880 20 20 28 95
128 5242880 21 21 34 95
158 5242880 30 16 34 124
188 5242880 16 24 34 127
256 5242880 18 18 17 127
8 7340032 12 12 16 21
12 7340032 12 12 16 27
16 7340032 12 14 16 23
24 7340032 12 14 16 30
32 7340032 34 33 28 32
53 7340032 14 18 31 72
64 7340032 18 18 32 84
96 7340032 20 20 28 107
128 7340032 21 21 34 128
158 7340032 26 26 34 128
188 7340032 16 24 34 128
256 7340032 18 18 17 128
