8 524288 2 2 2 5 2 2
12 524288 2 2 2 17 2 2
16 524288 2 2 4 17 2 2
24 524288 2 2 6 18 2 2
32 524288 6 6 6 18 2 2
53 524288 6 6 6 21 2 2
64 524288 6 6 6 21 2 2
96 524288 6 6 6 28 2 2
128 524288 6 18 6 31 6 6 
158 524288 12 12 6 31 6 6
188 524288 12 12 6 31 2 2
256 524288 18 18 18 32 6 6
8 262144 2 2 2 3 2 2
12 262144 2 2 2 3 2 2
16 262144 2 2 2 18 2 2
24 262144 2 2 4 17 2 2
32 262144 2 2 3 19 2 2
53 262144 2 2 4 18 2 2
64 262144 2 2 3 22 2 2
96 262144 2 2 4 22 2 2
128 262144 6 6 4 29 2 2
158 262144 6 6 4 29 2 2
188 262144 2 6 4 29 2 2
256 262144 6 6 4 29 2 2





