8 524288 4 4 3 2 5
12 524288 5 5 5 3 5
16 524288 6 6 5 3 10
24 524288 6 6 5 3 10
32 524288 6 7 5 3 13
53 524288 6 7 7 5 13
64 524288 6 7 5 6 18
96 524288 9 8 8 6 23
128 524288 8 8 7 6 26
158 524288 8 8 8 6 26
188 524288 9 9 7 6 31
256 524288 8 8 8 6 31
8 262144 4 2 3 2 4
12 262144 4 4 3 2 5
16 262144 4 4 3 3 5
24 262144 4 4 5 3 5
32 262144 4 5 5 3 10
53 262144 4 5 5 3 13
64 262144 6 5 5 3 13
96 262144 8 6 5 3 13
128 262144 6 6 5 3 13
158 262144 6 6 5 3 16
188 262144 6 8 5 3 16
256 262144 6 6 5 5 16





