15 1048576 9 17 26
16 1048576 9 17 26
17 1048576 9 17 37
31 1048576 9 17 146
32 1048576 12 17 146
33 1048576 12 23 146
63 1048576 12 23 170
64 1048576 17 23 170
65 1048576 17 23 170
127 1048576 17 23 256
128 1048576 17 23 256
129 1048576 17 27 256
161 1048576 17 27 256
210 1048576 17 27 341
255 1048576 17 27 341
256 1048576 18 27 341
257 1048576 18 27 341
360 1048576 18 27 341
441 1048576 18 27 512
511 1048576 18 27 512
512 1048576 20 27 512
15 2097152 11 19 41
16 2097152 19 19 41
17 2097152 19 25 49
31 2097152 19 25 56
32 2097152 19 25 56
33 2097152 19 35 75
63 2097152 19 35 292
64 2097152 19 35 292
65 2097152 19 35 292
127 2097152 19 35 341
128 2097152 19 35 341
129 2097152 19 37 341
161 2097152 19 37 341
210 2097152 19 37 512
255 2097152 19 37 512
256 2097152 26 37 512
257 2097152 26 41 512
360 2097152 26 41 682
441 2097152 26 41 682
511 2097152 26 41 682
512 2097152 28 41 682
15 4194304 16 39 56
16 4194304 24 39 56
17 4194304 24 39 56
31 4194304 24 39 99
32 4194304 24 39 99
33 4194304 24 39 99
63 4194304 24 39 136
64 4194304 39 39 136
65 4194304 39 39 136
127 4194304 39 39 585
128 4194304 39 39 585
129 4194304 39 53 585
161 4194304 39 53 682
210 4194304 39 53 682
255 4194304 39 53 682
256 4194304 39 53 682
257 4194304 39 57 682
360 4194304 39 57 682
441 4194304 39 57 1024
511 4194304 39 57 1024
512 4194304 39 57 1024
