8 1048576 4 4 4
12 1048576 5 5 5
16 1048576 6 6 5
24 1048576 6 6 5
32 1048576 6 6 5
53 1048576 6 6 7
64 1048576 8 8 7
96 1048576 6 6 7
128 1048576 8 8 7
158 1048576 6 12 7
188 1048576 6 12 7
256 1048576 11 11 7
8 3145728 10 10 6
12 3145728 10 10 6
16 3145728 10 10 6
24 3145728 10 10 6
32 3145728 10 10 6
53 3145728 12 11 6
64 3145728 10 10 13
96 3145728 20 20 12
128 3145728 20 20 13
158 3145728 12 12 13
188 3145728 12 12 17
256 3145728 20 20 12
8 5242880 19 19 6 
12 5242880 19 19 6
16 5242880 19 19 6
24 5242880 19 19 6
32 5242880 19 19 6
53 5242880 12 18 13
64 5242880 20 20 13
96 5242880 20 20 13
128 5242880 20 20 13
158 5242880 18 24 13
188 5242880 20 24 17
256 5242880 20 20 13
8 7340032 14 15 9
12 7340032 16 17 11
16 7340032 19 19 13
24 7340032 19 19 13
32 7340032 19 19 13
53 7340032 12 18 17
64 7340032 20 20 13
96 7340032 20 20 17
128 7340032 20 20 17
158 7340032 30 26 26
188 7340032 26 26 20
256 7340032 20 20 13
